Chance: 5
0.00025 8696854.00
0.00050 8696854.00
0.00075 8696854.00
0.00100 8696854.00
0.00125 8696854.00
0.00150 8696854.00
0.00175 8696854.00
0.00200 8696854.00
0.00225 8696854.00
0.00250 8696854.00
0.00275 8696854.00
0.00300 8696854.00
0.00325 8696854.00
0.00350 8696854.00
0.00375 8696854.00
0.00400 8696854.00
0.00425 8696854.00
0.00450 8696854.00
0.00475 8696854.00
0.00500 8696854.00
0.00525 8696854.00
0.00550 8696854.00
0.00575 8696854.00
0.00600 8696854.00
0.00625 8696854.00
0.00650 8696854.00
0.00675 8696854.00
0.00700 8696854.00
0.00725 8696854.00
0.00750 8696854.00
0.00775 8696854.00
0.00800 8696854.00
0.00825 8696854.00
0.00850 8696854.00
0.00875 8696854.00
0.00900 8696854.00
0.00925 8696854.00
0.00950 8696854.00
0.00975 8696854.00
0.01000 8696854.00
