Slack: 20 Patterns: 300
0.05 2303543.25
0.10 1922730.88
0.15 1730670.25
0.20 1547386.50
0.25 1482193.25
0.30 1482193.25
0.35 1482193.25
0.40 1482193.25
0.45 1482193.25
0.50 1482193.25
0.55 1482193.25
0.60 1482193.25
0.65 1482193.25
0.70 1482193.25
0.75 1482193.25
0.80 1482193.25
0.85 1482193.25
0.90 1482193.25
0.95 1482193.25
1.00 1482193.25
1.05 1482193.25
1.10 1482193.25
1.15 1482193.25
1.20 1482193.25
1.25 1482193.25
1.30 1482193.25
1.35 1482193.25
1.40 1482193.25
1.45 1482193.25
1.50 1482193.25
