Delay: 0.005
0.25 265091552.00
0.50 265091552.00
0.75 265091552.00
1.00 265091552.00
1.25 265091552.00
1.50 265091552.00
1.75 265091552.00
2.00 265091552.00
2.25 265091552.00
2.50 265091552.00
2.75 265091552.00
3.00 265091552.00
3.25 265091552.00
3.50 265091552.00
3.75 265091552.00
4.00 265091552.00
4.25 265091552.00
4.50 265091552.00
4.75 265091552.00
5.00 265091552.00
5.25 265091552.00
5.50 265091552.00
5.75 265091552.00
6.00 265091552.00
6.25 265091552.00
6.50 265091552.00
6.75 265091552.00
7.00 265091552.00
7.25 265091552.00
7.50 265091552.00
7.75 265091552.00
8.00 265091552.00
8.25 265091552.00
8.50 265091552.00
8.75 265091552.00
9.00 265091552.00
9.25 265091552.00
9.50 265091552.00
9.75 265091552.00
10.00 265091552.00
