Chance: 5
0.00025 265042176.00
0.00050 265042176.00
0.00075 265042176.00
0.00100 265064592.00
0.00125 265087952.00
0.00150 265078512.00
0.00175 265076448.00
0.00200 265060368.00
0.00225 265136192.00
0.00250 265093440.00
0.00275 265097472.00
0.00300 265111376.00
0.00325 265100640.00
0.00350 265146608.00
0.00375 265142736.00
0.00400 265155760.00
0.00425 265096576.00
0.00450 265137920.00
0.00475 265148032.00
0.00500 265086048.00
0.00525 265205136.00
0.00550 265087120.00
0.00575 265110480.00
0.00600 265102048.00
0.00625 265138032.00
0.00650 265153488.00
0.00675 265354592.00
0.00700 265215424.00
0.00725 265269424.00
0.00750 265164080.00
0.00775 265215824.00
0.00800 265304240.00
0.00825 265430768.00
0.00850 265228496.00
0.00875 265193904.00
0.00900 265314688.00
0.00925 265168032.00
0.00950 265356032.00
0.00975 265455856.00
0.01000 265201664.00
