Slack: 20 Patterns: 300
0.05 140854256.00
0.10 119777976.00
0.15 110320080.00
0.20 100548328.00
0.25 93604744.00
0.30 87921264.00
0.35 83290368.00
0.40 83290368.00
0.45 77607640.00
0.50 72847912.00
0.55 72143888.00
0.60 71910576.00
0.65 71910576.00
0.70 71910576.00
0.75 71910576.00
0.80 71910576.00
0.85 71910576.00
0.90 71910576.00
0.95 71910576.00
1.00 71910576.00
1.05 71910576.00
1.10 71910576.00
1.15 71910576.00
1.20 71910576.00
1.25 71910576.00
1.30 71910576.00
1.35 71910576.00
1.40 71910576.00
1.45 71910576.00
1.50 71910576.00
